#t loss entropy cr_freq cr_volt cr_stab ss_freq ss_volt ss_stab mode
1 0.05 0.1 50.0 1.00 1 50.0 1.00 1 NORMAL
2 0.05 0.1 50.0 1.00 1 50.0 1.00 1 NORMAL
3 0.05 0.1 50.0 1.00 1 50.0 1.00 1 NORMAL
4 0.05 0.1 50.0 1.00 1 50.0 1.00 1 NORMAL
5 0.05 0.1 50.0 1.00 1 50.0 1.00 1 NORMAL
6 0.05 0.1 50.0 1.00 1 50.0 1.00 1 NORMAL
7 0.05 0.1 50.0 1.00 1 50.0 1.00 1 NORMAL
8 0.05 0.1 50.0 1.00 1 50.0 1.00 1 NORMAL
9 0.05 0.1 50.0 1.00 1 50.0 1.00 1 NORMAL
10 0.05 0.1 50.0 1.00 1 50.0 1.00 1 NORMAL
11 0.05 0.1 50.0 1.00 1 50.0 1.00 1 NORMAL
12 0.05 0.1 50.0 1.00 1 50.0 1.00 1 NORMAL
13 0.05 0.1 50.0 1.00 1 50.0 1.00 1 NORMAL
14 0.05 0.1 50.0 1.00 1 50.0 1.00 1 NORMAL
15 0.05 0.75 49.93 1.00 0.92 49.93 1.00 0.92 MITIGATE
16 0.05 0.75 49.86 1.00 0.84 49.86 1.00 0.84 MITIGATE
17 0.05 0.75 49.79 1.00 0.76 49.79 1.00 0.76 MITIGATE
18 0.05 0.75 49.72 1.00 0.68 49.72 1.00 0.68 MITIGATE
19 0.05 0.75 49.65 1.00 0.6 49.65 1.00 0.6 MITIGATE
20 0.05 0.75 49.58 1.00 0.52 49.58 1.00 0.52 MITIGATE
21 0.05 0.75 49.51 1.00 0.44 49.51 1.00 0.44 MITIGATE
22 0.05 0.75 49.44 1.00 0.36 49.44 1.00 0.36 MITIGATE
23 0.05 0.75 49.37 1.00 0.28 49.37 1.00 0.28 MITIGATE
24 0.05 0.75 49.3 1.00 0.2 49.3 1.00 0.2 MITIGATE
25 0.05 0.75 49.23 1.00 0.12 49.23 1.00 0.12 FAIL_SECURE
26 0.05 0.75 49.16 1.00 0.04 49.16 1.00 0.04 FAIL_SECURE
27 0.05 0.75 49.09 1.00 0 49.09 1.00 0 FAIL_SECURE
28 0.05 0.75 49.02 1.00 0 49.02 1.00 0 FAIL_SECURE
29 0.05 0.75 48.95 1.00 0 48.95 1.00 0 FAIL_SECURE
30 0.05 0.75 48.88 1.00 0 48.88 1.00 0 FAIL_SECURE
31 0.05 0.1 48.85 1.00 0 48.85 1.00 0 FAIL_SECURE
32 0.05 0.1 48.82 1.00 0 48.82 1.00 0 FAIL_SECURE
33 0.05 0.1 48.79 1.00 0 48.79 1.00 0 FAIL_SECURE
34 0.05 0.1 48.76 1.00 0 48.76 1.00 0 FAIL_SECURE
35 0.05 0.1 48.73 1.00 0 48.73 1.00 0 FAIL_SECURE
36 0.05 0.1 48.7 1.00 0 48.7 1.00 0 FAIL_SECURE
37 0.05 0.1 48.67 1.00 0 48.67 1.00 0 FAIL_SECURE
38 0.05 0.1 48.64 1.00 0 48.64 1.00 0 FAIL_SECURE
39 0.05 0.1 48.61 1.00 0 48.61 1.00 0 FAIL_SECURE
40 0.05 0.1 48.58 1.00 0 48.58 1.00 0 FAIL_SECURE
41 0.05 0.1 48.55 1.00 0 48.55 1.00 0 FAIL_SECURE
42 0.05 0.1 48.52 1.00 0 48.52 1.00 0 FAIL_SECURE
43 0.05 0.1 48.49 1.00 0 48.49 1.00 0 FAIL_SECURE
44 0.05 0.1 48.46 1.00 0 48.46 1.00 0 FAIL_SECURE
45 0.15 0.95 48.39 1.00 0 48.39 1.00 0 FAIL_SECURE
46 0.165 0.95 48.32 1.00 0 48.32 1.00 0 FAIL_SECURE
47 0.18 0.95 48.25 1.00 0 48.25 1.00 0 FAIL_SECURE
48 0.195 0.95 48.18 1.00 0 48.18 1.00 0 FAIL_SECURE
49 0.21 0.95 48.11 1.00 0 48.11 1.00 0 FAIL_SECURE
50 0.225 0.95 48.04 1.00 0 48.04 1.00 0 FAIL_SECURE
51 0.24 0.95 47.97 1.00 0 47.97 1.00 0 FAIL_SECURE
52 0.255 0.95 47.9 1.00 0 47.9 1.00 0 FAIL_SECURE
53 0.27 0.95 47.83 1.00 0 47.83 1.00 0 FAIL_SECURE
54 0.285 0.95 47.76 1.00 0 47.76 1.00 0 FAIL_SECURE
55 0.3 0.95 47.69 1.00 0 47.69 1.00 0 FAIL_SECURE
56 0.315 0.95 47.62 1.00 0 47.62 1.00 0 FAIL_SECURE
57 0.33 0.95 47.55 1.00 0 47.55 1.00 0 FAIL_SECURE
58 0.345 0.95 47.48 1.00 0 47.48 1.00 0 FAIL_SECURE
59 0.36 0.95 47.41 1.00 0 47.41 1.00 0 FAIL_SECURE
60 0.375 0.95 47.34 1.00 0 47.34 1.00 0 FAIL_SECURE
61 0.39 0.95 47.27 1.00 0 47.27 1.00 0 FAIL_SECURE
62 0.405 0.95 47.2 1.00 0 47.2 1.00 0 FAIL_SECURE
63 0.42 0.95 47.13 1.00 0 47.13 1.00 0 FAIL_SECURE
64 0.435 0.95 47.06 1.00 0 47.06 1.00 0 FAIL_SECURE
65 0.45 0.95 46.99 1.00 0 46.99 1.00 0 FAIL_SECURE
66 0.465 0.95 46.92 1.00 0 46.92 1.00 0 FAIL_SECURE
67 0.48 0.95 46.85 1.00 0 46.85 1.00 0 FAIL_SECURE
68 0.495 0.95 46.78 1.00 0 46.78 1.00 0 FAIL_SECURE
69 0.51 0.95 46.71 1.00 0 46.71 1.00 0 FAIL_SECURE
70 0.525 0.95 46.64 1.00 0 46.64 1.00 0 FAIL_SECURE
71 0.54 0.95 46.57 1.00 0 46.57 1.00 0 FAIL_SECURE
72 0.555 0.95 46.5 1.00 0 46.5 1.00 0 FAIL_SECURE
73 0.57 0.95 46.43 1.00 0 46.43 1.00 0 FAIL_SECURE
74 0.585 0.95 46.36 1.00 0 46.36 1.00 0 FAIL_SECURE
75 0.6 0.95 46.29 1.00 0 46.29 1.00 0 FAIL_SECURE
76 0.615 0.95 46.22 1.00 0 46.22 1.00 0 FAIL_SECURE
77 0.63 0.95 46.15 1.00 0 46.15 1.00 0 FAIL_SECURE
78 0.645 0.95 46.08 1.00 0 46.08 1.00 0 FAIL_SECURE
79 0.66 0.95 46.01 1.00 0 46.01 1.00 0 FAIL_SECURE
80 0.675 0.95 45.94 1.00 0 45.94 1.00 0 FAIL_SECURE
81 0.05 0.1 45.91 1.00 0 45.91 1.00 0 FAIL_SECURE
82 0.05 0.1 45.88 1.00 0 45.88 1.00 0 FAIL_SECURE
83 0.05 0.1 45.85 1.00 0 45.85 1.00 0 FAIL_SECURE
84 0.05 0.1 45.82 1.00 0 45.82 1.00 0 FAIL_SECURE
85 0.05 0.1 45.79 1.00 0 45.79 1.00 0 FAIL_SECURE
86 0.05 0.1 45.76 1.00 0 45.76 1.00 0 FAIL_SECURE
87 0.05 0.1 45.73 1.00 0 45.73 1.00 0 FAIL_SECURE
88 0.05 0.1 45.7 1.00 0 45.7 1.00 0 FAIL_SECURE
89 0.05 0.1 45.67 1.00 0 45.67 1.00 0 FAIL_SECURE
90 0.05 0.1 45.64 1.00 0 45.64 1.00 0 FAIL_SECURE
91 0.05 0.1 45.61 1.00 0 45.61 1.00 0 FAIL_SECURE
92 0.05 0.1 45.58 1.00 0 45.58 1.00 0 FAIL_SECURE
93 0.05 0.1 45.55 1.00 0 45.55 1.00 0 FAIL_SECURE
94 0.05 0.1 45.52 1.00 0 45.52 1.00 0 FAIL_SECURE
95 0.05 0.1 45.49 1.00 0 45.49 1.00 0 FAIL_SECURE
96 0.05 0.1 45.46 1.00 0 45.46 1.00 0 FAIL_SECURE
97 0.05 0.1 45.43 1.00 0 45.43 1.00 0 FAIL_SECURE
98 0.05 0.1 45.4 1.00 0 45.4 1.00 0 FAIL_SECURE
99 0.05 0.1 45.37 1.00 0 45.37 1.00 0 FAIL_SECURE
100 0.05 0.1 45.34 1.00 0 45.34 1.00 0 FAIL_SECURE
